/camera_1/color/image_raw
/camera_2/color/image_raw
/camera_3/color/image_raw
/camera_4/color/image_raw
/velodyne_points

625.43121 0.000000e+00 315.84332 0.000000e+00
0.000000e+00 625.63092 230.94542 0.000000e+00
0.000000e+00 0.000000e+00 1.000000e+00 0.000000e+00

625.43121 0.000000e+00 315.84332 0.000000e+00
0.000000e+00 625.63092 230.94542 0.000000e+00
0.000000e+00 0.000000e+00 1.000000e+00 0.000000e+00

625.43121 0.000000e+00 315.84332 0.000000e+00
0.000000e+00 625.63092 230.94542 0.000000e+00
0.000000e+00 0.000000e+00 1.000000e+00 0.000000e+00

625.43121 0.000000e+00 315.84332 0.000000e+00
0.000000e+00 625.63092 230.94542 0.000000e+00
0.000000e+00 0.000000e+00 1.000000e+00 0.000000e+00

-0.00883356 0.000796296 0.999961 0
-0.999961 -7.0344e-06 -0.00883356 0
0 -1 0.000796327 0
0 0 0 1

-0.00883356 0.000796296 0.999961 0
-0.999961 -7.0344e-06 -0.00883356 0
0 -1 0.000796327 0
0 0 0 1

-0.00883356 0.000796296 0.999961 0
-0.999961 -7.0344e-06 -0.00883356 0
0 -1 0.000796327 0
0 0 0 1

-0.00883356 0.000796296 0.999961 0
-0.999961 -7.0344e-06 -0.00883356 0
0 -1 0.000796327 0
0 0 0 1
